,L2-01,L2-02,L2-03,L2-04,L2-05,L2-06,L2-07,L2-08
L2-01,3853,419,520,115,1270,690,1198,570
L2-02,419,910,59,38,420,136,227,200
L2-03,520,59,995,20,342,275,303,209
L2-04,115,38,20,494,141,87,121,119
L2-05,1270,420,342,141,4171,554,1315,579
L2-06,690,136,275,87,554,4607,1697,282
L2-07,1198,227,303,121,1315,1697,5928,646
L2-08,570,200,209,119,579,282,646,1542
